1.005000000000000000e+03
1.729000000000000000e+03
1.082000000000000000e+03
1.840000000000000000e+03
1.822000000000000000e+03
1.169000000000000000e+03
1.585000000000000000e+03
1.851000000000000000e+03
1.912000000000000000e+03
1.039000000000000000e+03
2.052000000000000000e+03
1.965000000000000000e+03
1.827000000000000000e+03
1.596000000000000000e+03
1.961000000000000000e+03
1.967000000000000000e+03
1.726000000000000000e+03
1.240000000000000000e+03
1.899000000000000000e+03
1.646000000000000000e+03
1.661000000000000000e+03
1.628000000000000000e+03
2.056000000000000000e+03
2.040000000000000000e+03
2.064000000000000000e+03
2.046000000000000000e+03
1.944000000000000000e+03
1.541000000000000000e+03
1.912000000000000000e+03
1.681000000000000000e+03
2.007000000000000000e+03
2.007000000000000000e+03
1.576000000000000000e+03
1.806000000000000000e+03
1.380000000000000000e+03
1.591000000000000000e+03
1.783000000000000000e+03
1.149000000000000000e+03
1.640000000000000000e+03
1.033000000000000000e+03
1.393000000000000000e+03
1.680000000000000000e+03
8.430000000000000000e+02
1.056000000000000000e+03
1.241000000000000000e+03
2.629000000000000000e+03
1.748000000000000000e+03
1.442000000000000000e+03
1.301000000000000000e+03
2.018000000000000000e+03
1.197000000000000000e+03
1.735000000000000000e+03
1.551000000000000000e+03
1.152000000000000000e+03
2.597000000000000000e+03
2.326000000000000000e+03
9.890000000000000000e+02
2.630000000000000000e+03
1.561000000000000000e+03
1.033000000000000000e+03
6.970000000000000000e+02
9.040000000000000000e+02
1.131000000000000000e+03
1.387000000000000000e+03
1.621000000000000000e+03
1.021000000000000000e+03
2.735000000000000000e+03
1.714000000000000000e+03
2.322000000000000000e+03
2.337000000000000000e+03
2.788000000000000000e+03
2.300000000000000000e+03
3.019000000000000000e+03
1.401000000000000000e+03
1.963000000000000000e+03
1.477000000000000000e+03
1.298000000000000000e+03
1.238000000000000000e+03
1.731000000000000000e+03
1.505000000000000000e+03
1.994000000000000000e+03
9.970000000000000000e+02
6.780000000000000000e+02
1.785000000000000000e+03
1.547000000000000000e+03
1.631000000000000000e+03
2.400000000000000000e+01
1.740000000000000000e+03
6.250000000000000000e+02
1.718000000000000000e+03
5.410000000000000000e+02
2.121000000000000000e+03
1.829000000000000000e+03
2.694000000000000000e+03
1.667000000000000000e+03
2.206000000000000000e+03
8.920000000000000000e+02
1.229000000000000000e+03
1.807000000000000000e+03
1.789000000000000000e+03
1.100000000000000000e+03
1.586000000000000000e+03
1.960000000000000000e+02
2.463000000000000000e+03
1.811000000000000000e+03
